'C-Dolphin_Harbour-P_whitebkd-D_70landmarks_curves-only.dta
'Created by Landmark. http://graphics.idav.ucdavis.edu/research/EvoMorph
1 22L 180 1 9999 Dim=3

Common dolphin_ZMA.MAM.11.887_Scaled_Fixed-hole
Common dolphin_ZMA.MAM.15.144_R_Scaled
Common dolphin_ZMA.MAM.2499_R_Scaled
White-beaked dolphin_RMNH.MAM.35130_Scaled
White-beaked dolphin_RMNH.MAM.41152_R_Scaled
White-beaked dolphin_RMNH.MAM.41472_Scaled
Harbour porpoise_NMR9990-01425_SCALED
Harbour porpoise_NMR9990-01430_MANUAL_Scaled
Harbour porpoise_NMR9990-0159_SCALED
Harbour porpoise_NMR9990-0300_SCALED
Harbour porpoise_NMR9990-0303_SCALED
Harbour porpoise_NMR9990-0304_SCALED
Harbour porpoise_NMR9990-0316_SCALED
Harbour porpoise_NMR9990-0324_SCALED
Harbour porpoise_NMR9990-0325
Harbour porpoise_NMR9990-0335_SCALED_FIXED
Harbour porpoise_NMR9990-0337_SCALED
Harbour porpoise_NMR9990-0341_SCALED_fixed
Harbour porpoise_NMR9990-0343_SCALED
Harbour porpoise_NMR9990-0403_SCALED
Harbour porpoise_NMR9990-0407_SCALED
Harbour porpoise_NMR9990-0408_SCALED

   8.0767646e-002  -7.3809221e-002   3.5243273e-001
   6.1930906e-002  -8.5144065e-002   3.4832507e-001
   4.1263334e-002  -8.1551604e-002   3.5464418e-001
   2.4309848e-002  -7.7184252e-002   3.5816112e-001
   9.9472739e-003  -6.9339082e-002   3.6172655e-001
  -1.8620526e-003  -5.7964984e-002   3.6568704e-001
  -1.1212040e-002  -4.3365531e-002   3.7037227e-001
  -1.7988600e-002  -2.5783278e-002   3.7603059e-001
  -2.7211353e-002  -6.3913446e-003   3.8493156e-001
  -3.4636110e-002   1.7739410e-002   3.9421460e-001
  -2.6548786e-002   2.1751892e-002   3.9583838e-001
  -1.3313414e-002   2.1136001e-002   3.9553669e-001
  -6.1310432e-004   2.0195697e-002   3.9492476e-001
   1.1075479e-002   1.8901670e-002   3.9342979e-001
   2.2119520e-002   1.8205786e-002   3.9230132e-001
   3.2419469e-002   1.7559096e-002   3.9101702e-001
   4.2380694e-002   1.7295714e-002   3.9034718e-001
   5.2163880e-002   1.8004401e-002   3.9086309e-001
   6.1315499e-002   1.9931082e-002   3.9209858e-001
   6.9244623e-002   2.3004528e-002   3.9323255e-001
   7.0877440e-002   2.3555834e-002   3.9435729e-001
   7.2167017e-002   2.0460626e-002   3.9355692e-001
   7.3568314e-002   1.7390428e-002   3.9280584e-001
   7.5264111e-002   1.4759771e-002   3.9202675e-001
   7.7173539e-002   1.2366476e-002   3.9113694e-001
   7.9625279e-002   1.1226332e-002   3.9050436e-001
   8.2419664e-002   1.0526206e-002   3.8983890e-001
   8.5347705e-002   1.0060629e-002   3.8908634e-001
   9.1752708e-002   1.1174544e-002   3.8766330e-001
   9.1915786e-002   1.1009462e-002   3.8785982e-001
   8.8077858e-002  -3.7669163e-004   3.9596194e-001
   9.1614775e-002  -1.7392497e-003   3.9699510e-001
   9.4929747e-002  -3.3650214e-003   3.9764068e-001
   9.8000482e-002  -5.2839811e-003   3.9809680e-001
   1.0086655e-001  -7.4739470e-003   3.9819834e-001
   1.0349220e-001  -9.8652681e-003   3.9759365e-001
   1.0586523e-001  -1.2485177e-002   3.9662701e-001
   1.0806225e-001  -1.5478848e-002   3.9569789e-001
   1.1009084e-001  -1.8927049e-002   3.9464745e-001
   1.1178721e-001  -2.2306543e-002   3.9267457e-001
   7.7447489e-002  -8.0017727e-003   3.7761837e-001
   8.0609493e-002  -8.5015642e-003   3.7682295e-001
   8.3812587e-002  -1.0116960e-002   3.7603545e-001
   8.6972289e-002  -1.2925590e-002   3.7534782e-001
   9.0034179e-002  -1.6851965e-002   3.7459445e-001
   9.3018800e-002  -2.1768989e-002   3.7348428e-001
   9.6022077e-002  -2.7687486e-002   3.7177774e-001
   9.9335648e-002  -3.5195153e-002   3.6922163e-001
   1.0391062e-001  -4.7956079e-002   3.6636123e-001
   1.0447644e-001  -5.1817428e-002   3.6616763e-001
   9.1915786e-002   1.1009462e-002   3.8785982e-001
   8.9868307e-002   8.5558984e-003   3.8768622e-001
   8.7828785e-002   5.2588647e-003   3.8810757e-001
   8.2754709e-002   2.4876375e-005   3.8770884e-001
   7.7550054e-002  -7.6140026e-003   3.8542804e-001
   7.2881624e-002  -1.7986381e-002   3.8138792e-001
   7.2370909e-002  -2.9579878e-002   3.7665758e-001
   7.3509410e-002  -4.3334935e-002   3.7113035e-001
   7.8953058e-002  -5.6839641e-002   3.6522585e-001
   8.8752784e-002  -6.7735985e-002   3.5777488e-001


   2.1544339e-002  -6.4093918e-002   3.3642834e-001
   4.0720977e-002  -4.5402147e-002   3.2371005e-001
   4.6529733e-002  -2.2831272e-002   3.0350339e-001
   4.1820284e-002  -4.7297589e-003   2.8490803e-001
   3.2022689e-002   9.5255803e-003   2.6975286e-001
   1.8586203e-002   2.1467576e-002   2.5722992e-001
   2.1218727e-003   3.2354541e-002   2.4646616e-001
  -1.7229388e-002   4.4389065e-002   2.3578680e-001
  -4.3994911e-002   6.2987901e-002   2.1977325e-001
  -7.3329799e-002   6.4748615e-002   2.1712071e-001
  -7.8920662e-002   6.0308572e-002   2.2091527e-001
  -8.2260415e-002   5.4252751e-002   2.2723623e-001
  -8.5356019e-002   4.7097135e-002   2.3436651e-001
  -8.8707834e-002   3.8602572e-002   2.4216694e-001
  -9.2573971e-002   2.8896399e-002   2.5074738e-001
  -9.0084612e-002   1.9590193e-002   2.6102209e-001
  -8.6800277e-002   7.3884819e-003   2.7218071e-001
  -8.4852628e-002  -8.5719693e-003   2.8475395e-001
  -8.8858001e-002  -2.5860548e-002   2.9789639e-001
  -1.0018913e-001  -3.3786580e-002   3.0693978e-001
  -1.0074039e-001  -3.4713425e-002   3.0829224e-001
  -9.5460117e-002  -3.5707116e-002   3.0925325e-001
  -9.0949386e-002  -3.7177142e-002   3.1062770e-001
  -8.7338805e-002  -3.9069809e-002   3.1237206e-001
  -8.5255675e-002  -4.1527238e-002   3.1469071e-001
  -8.3626799e-002  -4.4096947e-002   3.1704006e-001
  -8.2138464e-002  -4.6816584e-002   3.1939709e-001
  -8.1741534e-002  -4.9918417e-002   3.2209012e-001
  -8.2702100e-002  -5.3443175e-002   3.2521656e-001
  -8.5280828e-002  -5.7601944e-002   3.2911134e-001
  -7.0756808e-002  -6.0355604e-002   3.1586143e-001
  -7.1898006e-002  -6.5913327e-002   3.1827348e-001
  -7.2165154e-002  -7.0577458e-002   3.2117817e-001
  -7.1420647e-002  -7.4485391e-002   3.2394001e-001
  -6.9678701e-002  -7.7747159e-002   3.2630780e-001
  -6.6957250e-002  -8.0290645e-002   3.2832444e-001
  -6.3341551e-002  -8.2253277e-002   3.2984963e-001
  -5.8898564e-002  -8.3687268e-002   3.3086491e-001
  -5.3648774e-002  -8.5552715e-002   3.3071160e-001
  -4.7267709e-002  -8.7832354e-002   3.2951379e-001
  -5.3781681e-002  -4.6607148e-002   3.2227087e-001
  -5.3667236e-002  -5.0505158e-002   3.2684830e-001
  -5.1890202e-002  -5.4786820e-002   3.2987645e-001
  -4.8661321e-002  -5.7895053e-002   3.3311337e-001
  -4.3870702e-002  -6.0707543e-002   3.3557296e-001
  -3.7556332e-002  -6.2880479e-002   3.3777717e-001
  -2.9608432e-002  -6.4952761e-002   3.3889717e-001
  -2.0078637e-002  -6.6612393e-002   3.3940077e-001
  -9.0286359e-003  -6.7909561e-002   3.3911729e-001
   3.5081606e-003  -6.8768866e-002   3.3815968e-001
  -8.2479700e-002  -5.6407783e-002   3.2786626e-001
  -7.3954016e-002  -5.1846374e-002   3.2204044e-001
  -6.5560482e-002  -4.8191816e-002   3.1717712e-001
  -5.7674211e-002  -4.4920769e-002   3.1063971e-001
  -4.7363523e-002  -4.4576574e-002   3.0972475e-001
  -3.6698379e-002  -4.4837460e-002   3.0803731e-001
  -2.4754208e-002  -4.6397358e-002   3.0832151e-001
  -1.2614386e-002  -5.1189188e-002   3.1519404e-001
   3.2685138e-004  -5.6530192e-002   3.2142019e-001
   1.2563382e-002  -6.4841658e-002   3.3093944e-001


   5.5931561e-002  -3.2919157e-002   2.0944451e-001
   5.8329809e-002  -1.7378118e-002   1.9645147e-001
   5.7798643e-002  -4.4900673e-003   1.8606476e-001
   5.3279828e-002   6.4195390e-003   1.7767295e-001
   4.5194674e-002   1.5540418e-002   1.7062519e-001
   3.2779686e-002   2.3042247e-002   1.6545816e-001
   1.7191276e-002   3.0578895e-002   1.5981898e-001
  -5.0061466e-003   3.5004906e-002   1.6011515e-001
  -3.1776302e-002   4.0422451e-002   1.6167468e-001
  -6.1282467e-002   3.3340026e-002   1.6929376e-001
  -6.0741089e-002   1.3251595e-002   1.8373346e-001
  -5.5357337e-002   8.7559652e-003   1.8639871e-001
  -5.0750442e-002   3.7800740e-003   1.8953392e-001
  -4.6609685e-002  -1.5647421e-003   1.9254434e-001
  -4.2109236e-002  -6.3167647e-003   1.9572832e-001
  -3.7895031e-002  -1.1144089e-002   1.9943857e-001
  -3.3998396e-002  -1.6263312e-002   2.0357011e-001
  -3.0622706e-002  -2.1977913e-002   2.0797361e-001
  -2.9322717e-002  -2.8594846e-002   2.1205984e-001
  -2.8059486e-002  -3.4877110e-002   2.1654014e-001
  -2.7390467e-002  -3.6261842e-002   2.1660377e-001
  -2.4428979e-002  -3.5334546e-002   2.1601474e-001
  -2.1591660e-002  -3.5009433e-002   2.1588451e-001
  -1.9021714e-002  -3.5185069e-002   2.1615483e-001
  -1.6801035e-002  -3.5892211e-002   2.1688910e-001
  -1.4648523e-002  -3.6832374e-002   2.1766388e-001
  -1.2678077e-002  -3.8147442e-002   2.1867181e-001
  -1.1002854e-002  -3.9945714e-002   2.2007166e-001
  -9.5924186e-003  -4.2459689e-002   2.2211285e-001
  -8.3193174e-003  -4.5063868e-002   2.2405508e-001
  -4.7744731e-003  -4.5867603e-002   2.1274057e-001
  -2.9679160e-003  -4.9621277e-002   2.1336035e-001
  -8.8899682e-004  -5.2784089e-002   2.1385445e-001
   1.4963213e-003  -5.5304877e-002   2.1429527e-001
   4.1959020e-003  -5.7117119e-002   2.1475580e-001
   7.1477531e-003  -5.8240823e-002   2.1514605e-001
   1.0278796e-002  -5.8733460e-002   2.1535328e-001
   1.3576029e-002  -5.8718406e-002   2.1520887e-001
   1.7317090e-002  -5.8453020e-002   2.1443003e-001
   2.1527400e-002  -5.7603467e-002   2.1350679e-001
   9.4126323e-003  -3.2341991e-002   2.1313182e-001
   1.2837703e-002  -3.5034869e-002   2.1560155e-001
   1.6366633e-002  -3.7578296e-002   2.1754541e-001
   2.0014223e-002  -4.0043030e-002   2.1865696e-001
   2.3754211e-002  -4.2308442e-002   2.1893181e-001
   2.7621061e-002  -4.4037852e-002   2.1902966e-001
   3.1685833e-002  -4.5325637e-002   2.1893507e-001
   3.6130805e-002  -4.6342395e-002   2.1844321e-001
   4.2382523e-002  -4.7746379e-002   2.1701784e-001
   4.4402514e-002  -4.7303002e-002   2.1533184e-001
  -7.4525257e-003  -4.4369619e-002   2.2278783e-001
  -2.8691785e-003  -3.8522910e-002   2.1525270e-001
   3.4675943e-003  -3.3940185e-002   2.0949857e-001
   1.1175445e-002  -3.1651206e-002   2.0612815e-001
   1.8276067e-002  -3.0127823e-002   2.0396569e-001
   2.4743026e-002  -2.8499454e-002   2.0222600e-001
   3.1493749e-002  -2.7402403e-002   2.0112830e-001
   3.9145872e-002  -2.7641170e-002   2.0097597e-001
   4.6805382e-002  -3.0349098e-002   2.0421377e-001
   5.2524779e-002  -3.3359457e-002   2.1061802e-001


   6.2659182e-002   3.8033821e-002   3.4925476e-001
   5.1024616e-002   5.3726956e-002   3.2090613e-001
   1.3769923e-002   6.4090908e-002   2.9866549e-001
  -2.2853084e-002   7.4185520e-002   2.8715244e-001
  -5.9232146e-002   8.0450207e-002   2.8377846e-001
  -9.6734740e-002   8.2889400e-002   2.8916469e-001
  -1.3658907e-001   7.8469008e-002   3.0026728e-001
  -1.8046649e-001   6.6675194e-002   3.1510532e-001
  -2.2622849e-001   5.0508030e-002   3.3949080e-001
  -2.7857310e-001   2.9547393e-002   3.6394149e-001
  -2.7535135e-001   1.9029291e-002   3.7757468e-001
  -2.6023054e-001   1.4640701e-002   3.8797972e-001
  -2.4171905e-001   9.0897800e-003   3.9499843e-001
  -2.2185884e-001   3.6478809e-003   4.0023637e-001
  -2.0261532e-001  -2.8977271e-003   4.0780219e-001
  -1.8215716e-001  -9.1990056e-003   4.1479316e-001
  -1.5893467e-001  -1.4143258e-002   4.2073047e-001
  -1.3678999e-001  -2.2519805e-002   4.3198809e-001
  -1.1578140e-001  -3.3882517e-002   4.4643694e-001
  -1.0433366e-001  -5.1562119e-002   4.6388334e-001
  -1.0161290e-001  -5.6953628e-002   4.7031567e-001
  -9.4722576e-002  -5.2213468e-002   4.6628472e-001
  -8.6987302e-002  -4.9673673e-002   4.6417433e-001
  -8.0002874e-002  -4.8035339e-002   4.6271133e-001
  -7.3635787e-002  -4.7991794e-002   4.6264231e-001
  -6.7751408e-002  -4.8796233e-002   4.6315873e-001
  -6.2231775e-002  -5.0564922e-002   4.6436718e-001
  -5.7091031e-002  -5.3413991e-002   4.6639150e-001
  -5.2351885e-002  -5.7413504e-002   4.6931708e-001
  -4.8021756e-002  -6.2333800e-002   4.7282204e-001
  -4.0959992e-002  -6.0095537e-002   4.4686028e-001
  -3.0514825e-002  -6.6565096e-002   4.4949642e-001
  -2.0945573e-002  -7.1256533e-002   4.5130622e-001
  -1.2238761e-002  -7.3878527e-002   4.5226160e-001
  -4.5078346e-003  -7.4444346e-002   4.5226237e-001
   2.0682544e-003  -7.3356122e-002   4.5108607e-001
   7.3874057e-003  -7.1082100e-002   4.4851989e-001
   1.1568530e-002  -6.7986384e-002   4.4428733e-001
   1.5029566e-002  -6.3986391e-002   4.3813226e-001
   1.8514022e-002  -5.8467012e-002   4.2977035e-001
  -4.0896419e-002  -8.7091597e-003   4.2345175e-001
  -3.0230504e-002  -6.6448073e-003   4.2411894e-001
  -1.9648369e-002  -5.1392098e-003   4.2360303e-001
  -9.2906011e-003  -3.7941572e-003   4.2199770e-001
   7.9635129e-004  -2.0352108e-003   4.1972077e-001
   1.0713946e-002  -2.5480069e-004   4.1654703e-001
   2.0746574e-002   1.9258452e-003   4.1274771e-001
   3.1712268e-002   3.8871067e-003   4.0768552e-001
   4.7144048e-002   3.5000355e-003   3.9877173e-001
   4.8231009e-002   5.4987902e-003   3.9354271e-001
  -4.6959739e-002  -5.6667153e-002   4.7302005e-001
  -4.7814712e-002  -4.5635488e-002   4.5308027e-001
  -4.7638282e-002  -3.5043586e-002   4.3469554e-001
  -4.4367477e-002  -2.4819581e-002   4.1793370e-001
  -3.6890484e-002  -1.4773194e-002   4.0338036e-001
  -2.7061677e-002  -5.5153323e-003   3.8962835e-001
  -1.4582791e-002   2.2247937e-003   3.7572533e-001
   3.8380688e-003   9.9502644e-003   3.6513427e-001
   2.7516637e-002   1.9417735e-002   3.6003059e-001
   5.3527214e-002   3.1075072e-002   3.5953104e-001


  -1.3704070e-001  -2.7409153e-002   2.6322931e-001
  -1.4178108e-001  -4.8508175e-002   2.8254172e-001
  -1.2807387e-001  -6.9140553e-002   3.0402657e-001
  -1.0506359e-001  -7.9444833e-002   3.1747565e-001
  -8.1938066e-002  -8.4815130e-002   3.2603756e-001
  -5.8062211e-002  -9.1677897e-002   3.3502388e-001
  -2.8781846e-002  -9.0863168e-002   3.3816284e-001
   4.0814271e-003  -8.9076869e-002   3.4037423e-001
   4.0348284e-002  -8.7818347e-002   3.4227720e-001
   7.8876741e-002  -8.7765306e-002   3.4306705e-001
   9.0584077e-002  -6.4885996e-002   3.1558400e-001
   8.0342539e-002  -5.9874456e-002   3.1029040e-001
   6.8892211e-002  -5.4790575e-002   3.0572155e-001
   5.9977666e-002  -4.8576638e-002   2.9838786e-001
   5.1238436e-002  -4.2502988e-002   2.8980345e-001
   4.2758476e-002  -3.6517631e-002   2.7953589e-001
   3.3930738e-002  -3.0611709e-002   2.6745349e-001
   2.8270636e-002  -2.1842627e-002   2.5368932e-001
   2.6235290e-002  -1.1005829e-002   2.3863974e-001
   2.7766772e-002  -4.0145467e-005   2.2224887e-001
   2.7075145e-002   1.4960297e-003   2.2229198e-001
   2.1275738e-002  -6.0651766e-004   2.2246493e-001
   1.6066303e-002  -1.6715180e-003   2.2201096e-001
   1.1701304e-002  -1.4047868e-003   2.2072044e-001
   7.6142000e-003  -7.3381257e-004   2.1943195e-001
   4.0358165e-003   7.8853773e-004   2.1772161e-001
   1.2476562e-003   3.4496596e-003   2.1536024e-001
  -1.8579477e-003   6.2226295e-003   2.1320847e-001
  -3.6721528e-003   1.0587204e-002   2.1004926e-001
  -4.2714300e-003   1.6238719e-002   2.0603591e-001
  -1.9513140e-002  -4.7037671e-003   2.0591682e-001
  -2.3051372e-002  -2.9948545e-003   1.9926021e-001
  -2.6724299e-002  -1.3769296e-003   1.9370820e-001
  -3.0668266e-002   1.4470327e-004   1.8953636e-001
  -3.4906216e-002   1.6593522e-003   1.8708362e-001
  -3.9241381e-002   2.4207504e-003   1.8590187e-001
  -4.3545175e-002   2.3160218e-003   1.8584824e-001
  -4.7780879e-002   1.1022224e-003   1.8656036e-001
  -5.2261483e-002  -1.5090888e-003   1.8748514e-001
  -5.7985533e-002  -5.6961258e-003   1.8807337e-001
  -4.0422820e-002  -2.9306104e-003   2.3968114e-001
  -4.6819773e-002  -2.2739310e-004   2.3788287e-001
  -5.3550232e-002   1.5230812e-003   2.3640525e-001
  -6.0618047e-002   2.7418849e-003   2.3558056e-001
  -6.8072967e-002   3.3366338e-003   2.3515654e-001
  -7.5894199e-002   2.8020013e-003   2.3473248e-001
  -8.4018432e-002   1.0145792e-003   2.3429741e-001
  -9.2341378e-002  -2.1214939e-003   2.3382024e-001
  -1.0113889e-001  -5.4837735e-003   2.3399256e-001
  -1.1076595e-001  -8.7216469e-003   2.3506549e-001
  -5.6897090e-003   1.5277525e-002   2.0704749e-001
  -1.3120865e-002   7.4453838e-003   2.1445940e-001
  -2.0144414e-002  -2.2597161e-004   2.2177295e-001
  -2.8363587e-002  -7.3347152e-003   2.2919324e-001
  -3.8162429e-002  -1.4264381e-002   2.3690937e-001
  -5.1669974e-002  -1.8045269e-002   2.4196494e-001
  -6.6914476e-002  -2.2052223e-002   2.4693704e-001
  -8.4625423e-002  -2.8690416e-002   2.5111607e-001
  -1.0616279e-001  -2.9779106e-002   2.5082460e-001
  -1.2760828e-001  -1.8760122e-002   2.5228626e-001


  -9.7152643e-002  -2.0633462e-001   6.3753414e-001
  -5.8884889e-002  -2.2070673e-001   6.1903381e-001
  -2.0817792e-002  -2.2445458e-001   6.0509282e-001
   1.4545545e-002  -2.1588217e-001   5.9861439e-001
   4.7652356e-002  -2.0141107e-001   5.9311253e-001
   7.8279667e-002  -1.7640099e-001   5.9323943e-001
   1.0673422e-001  -1.4196202e-001   5.9774739e-001
   1.2936236e-001  -9.7505659e-002   6.0952133e-001
   1.4683078e-001  -4.5739885e-002   6.2593001e-001
   1.7883407e-001   1.8259443e-002   6.3800490e-001
   1.4508967e-001   2.7062690e-002   6.4898133e-001
   1.3082339e-001   2.1843778e-002   6.5039206e-001
   1.1466029e-001   1.7204655e-002   6.5225911e-001
   9.6991085e-002   1.3540705e-002   6.5469342e-001
   7.8488544e-002   8.9244666e-003   6.5647894e-001
   5.8543868e-002   4.9117473e-003   6.5842706e-001
   3.6452241e-002   1.7903118e-003   6.6071767e-001
   1.1536762e-002   1.5974863e-003   6.6470718e-001
  -1.4931286e-002   6.3730390e-003   6.7179650e-001
  -3.9944377e-002   1.5497045e-002   6.8156964e-001
  -4.2245097e-002   1.9138593e-002   6.7758381e-001
  -4.4868648e-002   1.4075226e-002   6.7727548e-001
  -4.8808537e-002   7.3734634e-003   6.7664969e-001
  -5.3183563e-002   1.8490643e-003   6.7637348e-001
  -5.7990968e-002  -2.8669997e-003   6.7634481e-001
  -6.3207649e-002  -6.6437465e-003   6.7654896e-001
  -6.8577632e-002  -9.4254520e-003   6.7690063e-001
  -7.3553301e-002  -1.0742478e-002   6.7721021e-001
  -9.1704480e-002  -1.2030914e-002   6.8106955e-001
  -9.3385845e-002  -1.0063556e-002   6.8052727e-001
  -8.5160017e-002  -2.6655367e-002   6.5427691e-001
  -9.5627785e-002  -2.5782326e-002   6.5261328e-001
  -1.0495269e-001  -2.6405223e-002   6.5106279e-001
  -1.1298475e-001  -2.8751759e-002   6.4995062e-001
  -1.1962195e-001  -3.2787565e-002   6.4897519e-001
  -1.2479641e-001  -3.8472004e-002   6.4814937e-001
  -1.2863950e-001  -4.5506701e-002   6.4682227e-001
  -1.3138366e-001  -5.3710248e-002   6.4436924e-001
  -1.3329853e-001  -6.3180231e-002   6.4016432e-001
  -1.3383293e-001  -7.4371539e-002   6.3608938e-001
  -6.3754410e-002  -7.0074953e-002   6.7028821e-001
  -7.0052743e-002  -7.7485010e-002   6.7106801e-001
  -7.6450959e-002  -8.4861986e-002   6.7107624e-001
  -8.2843170e-002  -9.2278682e-002   6.7060107e-001
  -8.9228652e-002  -9.9803343e-002   6.6989833e-001
  -9.5783308e-002  -1.0740074e-001   6.6877228e-001
  -1.0264613e-001  -1.1496174e-001   6.6677231e-001
  -1.0979294e-001  -1.2242898e-001   6.6371799e-001
  -1.1707979e-001  -1.2963009e-001   6.5935749e-001
  -1.2409504e-001  -1.3613851e-001   6.5333450e-001
  -9.3385845e-002  -1.0063556e-002   6.8052727e-001
  -8.0373295e-002  -3.1305719e-002   6.6800022e-001
  -7.1026087e-002  -5.2719865e-002   6.5759349e-001
  -6.5044455e-002  -7.4066386e-002   6.4924556e-001
  -6.2381309e-002  -9.5311083e-002   6.4293402e-001
  -6.2360786e-002  -1.1628075e-001   6.3762218e-001
  -6.5372653e-002  -1.3723876e-001   6.3355261e-001
  -7.1609251e-002  -1.5827557e-001   6.3096905e-001
  -8.2171187e-002  -1.7935318e-001   6.3222867e-001
  -9.7738795e-002  -2.0008747e-001   6.3934660e-001


  -6.6305041e-002  -3.6351476e-002   5.9492874e-001
  -5.0126348e-002  -3.2003235e-002   5.8883911e-001
  -3.7419401e-002  -2.6190694e-002   5.8173853e-001
  -2.6059270e-002  -1.8718392e-002   5.7528162e-001
  -1.7655039e-002  -9.8145949e-003   5.6706667e-001
  -1.3209144e-002   3.7027735e-004   5.5719030e-001
  -9.8328441e-003   1.2525376e-002   5.4662853e-001
  -1.1737493e-002   2.5378458e-002   5.3458083e-001
  -1.5480983e-002   4.0039103e-002   5.2159488e-001
  -2.2109192e-002   5.6160260e-002   5.0751781e-001
  -2.9090434e-002   5.6707628e-002   5.0529283e-001
  -3.3578724e-002   5.4873284e-002   5.0665915e-001
  -3.8870282e-002   5.2779134e-002   5.0880206e-001
  -4.5133766e-002   5.0429679e-002   5.1088035e-001
  -5.1425863e-002   4.7626466e-002   5.1450878e-001
  -5.8454849e-002   4.4289932e-002   5.1841307e-001
  -6.6056401e-002   3.9920274e-002   5.2337557e-001
  -7.5175703e-002   3.4340985e-002   5.2860951e-001
  -8.6588688e-002   2.9370792e-002   5.3165990e-001
  -9.7706586e-002   2.8863847e-002   5.3102863e-001
  -9.9088527e-002   2.8735407e-002   5.3085583e-001
  -9.9463657e-002   2.6776502e-002   5.3237009e-001
  -9.9613577e-002   2.4662467e-002   5.3410447e-001
  -1.0016194e-001   2.2803294e-002   5.3559756e-001
  -1.0078149e-001   2.1002833e-002   5.3702903e-001
  -1.0178005e-001   1.9447118e-002   5.3823775e-001
  -1.0323615e-001   1.8153038e-002   5.3925812e-001
  -1.0542234e-001   1.7175958e-002   5.4019469e-001
  -1.0810320e-001   1.6319437e-002   5.4127192e-001
  -1.0876645e-001   1.5046544e-002   5.4162514e-001
  -1.0066257e-001   3.6139979e-003   5.4369575e-001
  -1.0387332e-001   1.6568685e-003   5.4331529e-001
  -1.0649351e-001  -3.5875052e-004   5.4347354e-001
  -1.0844803e-001  -2.4120817e-003   5.4423589e-001
  -1.0968380e-001  -4.5082280e-003   5.4555005e-001
  -1.1019517e-001  -6.7810626e-003   5.4715109e-001
  -1.1000751e-001  -9.3002804e-003   5.4896832e-001
  -1.0912446e-001  -1.2127412e-002   5.5102789e-001
  -1.0749752e-001  -1.5624211e-002   5.5326754e-001
  -1.0526156e-001  -1.7915143e-002   5.5657077e-001
  -8.7994710e-002   4.2454773e-003   5.5825859e-001
  -9.0175241e-002   2.0393659e-003   5.6007427e-001
  -9.2112944e-002  -4.3272754e-004   5.6185460e-001
  -9.3781278e-002  -3.2481151e-003   5.6347537e-001
  -9.5138565e-002  -6.2465491e-003   5.6512642e-001
  -9.6175246e-002  -9.3486086e-003   5.6690532e-001
  -9.6888445e-002  -1.2541831e-002   5.6882048e-001
  -9.7336844e-002  -1.5745519e-002   5.7105553e-001
  -9.7612202e-002  -1.8983319e-002   5.7369971e-001
  -9.7574063e-002  -2.2431066e-002   5.7632822e-001
  -1.0784440e-001   1.4458966e-002   5.4206830e-001
  -9.8471537e-002   9.3843136e-003   5.4574871e-001
  -9.0262473e-002   3.6570511e-003   5.4993469e-001
  -8.4066413e-002  -2.0229465e-003   5.5527759e-001
  -8.1062458e-002  -6.8042879e-003   5.6222713e-001
  -7.8410223e-002  -1.1773716e-002   5.6806898e-001
  -7.6565571e-002  -1.6983004e-002   5.7347643e-001
  -7.5402163e-002  -2.2441499e-002   5.7856035e-001
  -7.5630762e-002  -2.7987482e-002   5.8372664e-001
  -7.5584695e-002  -3.3188645e-002   5.8854198e-001


  -6.7772992e-002  -4.3657098e-002   3.5938269e-001
  -4.9817536e-002  -4.8031822e-002   3.5207224e-001
  -3.3249561e-002  -4.7765478e-002   3.4629497e-001
  -1.9087687e-002  -4.4862121e-002   3.4313235e-001
  -6.4986446e-003  -3.8668562e-002   3.4244874e-001
   4.4003874e-003  -2.8839841e-002   3.4394199e-001
   1.3729448e-002  -1.5413321e-002   3.4771585e-001
   2.2658050e-002   1.8109315e-003   3.5429823e-001
   3.2689072e-002   2.4934720e-002   3.6327851e-001
   2.8602220e-002   4.6701487e-002   3.7059757e-001
   1.8130012e-002   5.0055545e-002   3.7467641e-001
   1.0641476e-002   4.7550675e-002   3.7791497e-001
   3.0113992e-003   4.3248944e-002   3.8029093e-001
  -4.1800463e-003   3.9435510e-002   3.8166097e-001
  -1.1139870e-002   3.6929823e-002   3.8307098e-001
  -1.7932065e-002   3.5295404e-002   3.8432926e-001
  -2.4670782e-002   3.4200583e-002   3.8511589e-001
  -3.1586863e-002   3.3726614e-002   3.8599637e-001
  -3.7757467e-002   3.5226062e-002   3.8826582e-001
  -4.3331839e-002   3.7560329e-002   3.8982302e-001
  -4.4406824e-002   3.8193196e-002   3.9105460e-001
  -4.5197871e-002   3.6651962e-002   3.9058465e-001
  -4.6227973e-002   3.4310896e-002   3.8985839e-001
  -4.7510233e-002   3.2348856e-002   3.8940200e-001
  -4.8932940e-002   3.0603658e-002   3.8906530e-001
  -5.0393604e-002   2.8992765e-002   3.8872153e-001
  -5.2401919e-002   2.7785089e-002   3.8883552e-001
  -5.4926336e-002   2.6923265e-002   3.8937682e-001
  -5.7906196e-002   2.6472494e-002   3.9036867e-001
  -6.1130863e-002   2.6345182e-002   3.9162356e-001
  -6.1982900e-002   1.7685849e-002   3.7902111e-001
  -6.5235712e-002   1.8175572e-002   3.7875289e-001
  -6.8227239e-002   1.8062564e-002   3.7843361e-001
  -7.0939668e-002   1.7415334e-002   3.7792817e-001
  -7.3375933e-002   1.6211722e-002   3.7727821e-001
  -7.5518452e-002   1.4403304e-002   3.7657526e-001
  -7.7376589e-002   1.2060551e-002   3.7570259e-001
  -7.9008214e-002   9.2639895e-003   3.7447745e-001
  -8.0409534e-002   5.9346384e-003   3.7300330e-001
  -8.1406236e-002   1.9169440e-003   3.7176040e-001
  -4.8536759e-002   3.7455691e-003   3.8202143e-001
  -5.3285725e-002   1.7626978e-003   3.8308641e-001
  -5.7869114e-002  -5.7961268e-005   3.8343993e-001
  -6.2136486e-002  -1.8152728e-003   3.8318247e-001
  -6.5978907e-002  -3.6503291e-003   3.8255072e-001
  -6.9381878e-002  -5.6456933e-003   3.8171092e-001
  -7.2376572e-002  -7.7612256e-003   3.8059750e-001
  -7.4982911e-002  -1.0012286e-002   3.7924239e-001
  -7.7210285e-002  -1.2365607e-002   3.7757975e-001
  -7.9035312e-002  -1.4771865e-002   3.7551814e-001
  -6.1793841e-002   2.5381930e-002   3.9017874e-001
  -5.6426726e-002   1.8985603e-002   3.8626137e-001
  -5.2241392e-002   1.2601647e-002   3.8262209e-001
  -4.9421713e-002   6.2776483e-003   3.7867141e-001
  -4.8108689e-002  -1.7957459e-004   3.7420651e-001
  -4.8859984e-002  -7.6179113e-003   3.7096319e-001
  -5.1290814e-002  -1.5473585e-002   3.6802259e-001
  -5.5088382e-002  -2.3687189e-002   3.6494753e-001
  -6.1207104e-002  -3.2408521e-002   3.6298111e-001
  -6.8467945e-002  -4.1536644e-002   3.6078861e-001


  -2.6632916e-002   3.5686500e-002   4.8168454e-001
  -3.9840300e-002   4.9089339e-002   4.9121079e-001
  -5.9655312e-002   5.4571927e-002   4.9989712e-001
  -7.7362366e-002   5.5843409e-002   5.0683492e-001
  -9.3748227e-002   5.5770129e-002   5.1169366e-001
  -1.0901750e-001   5.1766150e-002   5.1478869e-001
  -1.2326205e-001   4.4973806e-002   5.1596403e-001
  -1.3657710e-001   3.5777759e-002   5.1515502e-001
  -1.5077668e-001   2.5125768e-002   5.1244539e-001
  -1.6775241e-001   1.1399036e-002   5.0837791e-001
  -1.6590007e-001   5.8938195e-003   5.0471073e-001
  -1.5886821e-001   2.1487693e-003   5.0178576e-001
  -1.5210280e-001  -2.1013981e-003   4.9836183e-001
  -1.4510167e-001  -5.5313753e-003   4.9462646e-001
  -1.3799834e-001  -8.0273245e-003   4.9118099e-001
  -1.3074441e-001  -9.5449081e-003   4.8827106e-001
  -1.2389161e-001  -1.1976525e-002   4.8490947e-001
  -1.1753579e-001  -1.5446288e-002   4.8084420e-001
  -1.1154559e-001  -1.9316740e-002   4.7642007e-001
  -1.0645251e-001  -2.3964046e-002   4.7178346e-001
  -1.0523687e-001  -2.4659473e-002   4.7075114e-001
  -1.0268635e-001  -2.4258886e-002   4.7048768e-001
  -1.0026123e-001  -2.3886599e-002   4.7009972e-001
  -9.7943112e-002  -2.3615230e-002   4.6963561e-001
  -9.5710270e-002  -2.3406824e-002   4.6914446e-001
  -9.3595862e-002  -2.3470856e-002   4.6853045e-001
  -9.1695778e-002  -2.4265205e-002   4.6756670e-001
  -8.9952521e-002  -2.5478259e-002   4.6641085e-001
  -8.8305578e-002  -2.6805371e-002   4.6519333e-001
  -8.6750790e-002  -2.8175108e-002   4.6389145e-001
  -8.0585800e-002  -1.4351888e-002   4.6147329e-001
  -7.8434810e-002  -1.5255290e-002   4.5886469e-001
  -7.6296970e-002  -1.5768897e-002   4.5639631e-001
  -7.4026041e-002  -1.5980890e-002   4.5424059e-001
  -7.1550049e-002  -1.5883056e-002   4.5249391e-001
  -6.9010273e-002  -1.5390063e-002   4.5100841e-001
  -6.6536181e-002  -1.4456023e-002   4.4961450e-001
  -6.4154007e-002  -1.3046356e-002   4.4819069e-001
  -6.1760768e-002  -1.1136197e-002   4.4674039e-001
  -5.9207097e-002  -9.0363882e-003   4.4594449e-001
  -7.6386511e-002  -5.5828989e-003   4.7993070e-001
  -7.2190940e-002  -7.2363960e-003   4.7842437e-001
  -6.8240799e-002  -8.3249388e-003   4.7643137e-001
  -6.4573377e-002  -8.8425474e-003   4.7419867e-001
  -6.1102588e-002  -8.9184437e-003   4.7206607e-001
  -5.7768006e-002  -8.6182831e-003   4.7010934e-001
  -5.4592721e-002  -7.9083713e-003   4.6823880e-001
  -5.1625859e-002  -6.7402897e-003   4.6638662e-001
  -4.8675422e-002  -5.2809538e-003   4.6472025e-001
  -4.5993373e-002  -3.3046980e-003   4.6299899e-001
  -8.5699037e-002  -2.6647076e-002   4.6446207e-001
  -8.3764091e-002  -1.7531943e-002   4.6860322e-001
  -8.0898747e-002  -9.1267908e-003   4.7216457e-001
  -7.7176012e-002  -1.1288893e-003   4.7478998e-001
  -7.1894839e-002   5.8309161e-003   4.7701004e-001
  -6.5337166e-002   1.1902160e-002   4.7871280e-001
  -5.7605810e-002   1.7237747e-002   4.7975296e-001
  -4.8797786e-002   2.2025509e-002   4.8005924e-001
  -3.8812377e-002   2.6059205e-002   4.7982937e-001
  -2.7357552e-002   2.8952900e-002   4.7899562e-001


  -4.1831058e-002   7.5942852e-002   4.6901709e-001
  -2.3963043e-002   7.9480015e-002   4.6535501e-001
  -7.8415321e-003   8.0477469e-002   4.6534958e-001
   6.1553293e-003   7.8812860e-002   4.6694344e-001
   1.9041924e-002   7.3988050e-002   4.7030240e-001
   3.0385431e-002   6.6549011e-002   4.7751844e-001
   4.0876478e-002   5.5890143e-002   4.8692441e-001
   5.0473843e-002   4.2171944e-002   4.9937242e-001
   5.7605334e-002   2.6375098e-002   5.1607013e-001
   5.9200544e-002   9.9138152e-003   5.3643703e-001
   4.7962576e-002   6.9933166e-003   5.3859210e-001
   4.5404591e-002   6.2186536e-003   5.3754961e-001
   4.1334234e-002   6.7435773e-003   5.3579563e-001
   3.6162961e-002   6.6844304e-003   5.3467786e-001
   3.0001123e-002   6.9332672e-003   5.3344059e-001
   2.3108399e-002   8.0670109e-003   5.3144771e-001
   1.5217938e-002   1.0965698e-002   5.2781278e-001
   4.4224234e-003   1.2153862e-002   5.2627772e-001
  -8.3418842e-003   1.1541555e-002   5.2689779e-001
  -1.8347330e-002   6.9818795e-003   5.3101182e-001
  -1.9941840e-002   6.8791239e-003   5.3116298e-001
  -2.0902760e-002   8.5923206e-003   5.2965897e-001
  -2.2080956e-002   1.0065500e-002   5.2826989e-001
  -2.3369910e-002   1.1391416e-002   5.2689976e-001
  -2.4914661e-002   1.2443733e-002   5.2570879e-001
  -2.6721187e-002   1.3222430e-002   5.2469981e-001
  -2.8867254e-002   1.3641435e-002   5.2394313e-001
  -3.1269554e-002   1.3780813e-002   5.2335787e-001
  -3.3937644e-002   1.3622751e-002   5.2295399e-001
  -3.6819283e-002   1.3254883e-002   5.2268028e-001
  -3.5594787e-002   2.7602244e-002   5.1947117e-001
  -3.9943021e-002   2.9242495e-002   5.2010399e-001
  -4.3849904e-002   3.0816838e-002   5.2026832e-001
  -4.7179133e-002   3.2373704e-002   5.1978260e-001
  -4.9834892e-002   3.4050375e-002   5.1890266e-001
  -5.1839538e-002   3.5900369e-002   5.1785278e-001
  -5.3319212e-002   3.8111527e-002   5.1699841e-001
  -5.4461990e-002   4.1104384e-002   5.1656038e-001
  -5.4659378e-002   4.3582454e-002   5.1470643e-001
  -5.3927459e-002   4.5174681e-002   5.1213294e-001
  -2.3694798e-002   2.9272193e-002   5.0276637e-001
  -2.8202718e-002   2.9806633e-002   5.0162137e-001
  -3.2343909e-002   3.0954996e-002   5.0049824e-001
  -3.6086887e-002   3.2592718e-002   4.9922603e-001
  -3.9438132e-002   3.4732256e-002   4.9782300e-001
  -4.2397093e-002   3.7392348e-002   4.9631450e-001
  -4.4972133e-002   4.0548410e-002   4.9466652e-001
  -4.7220454e-002   4.4144846e-002   4.9278852e-001
  -4.9085006e-002   4.8307829e-002   4.9085772e-001
  -5.0353765e-002   5.3131945e-002   4.8907733e-001
  -3.6566231e-002   1.4390202e-002   5.2112269e-001
  -3.0459918e-002   2.2534577e-002   5.1512229e-001
  -2.5661049e-002   3.0764196e-002   5.0983828e-001
  -2.3527019e-002   3.7964117e-002   5.0339150e-001
  -2.2707248e-002   4.4812027e-002   4.9736658e-001
  -2.3577042e-002   5.1023200e-002   4.9130100e-001
  -2.5976503e-002   5.7136044e-002   4.8564783e-001
  -2.9934645e-002   6.3098177e-002   4.8030862e-001
  -3.5711668e-002   6.8514563e-002   4.7492343e-001
  -4.2680975e-002   7.3888712e-002   4.7001493e-001

   4.0994208e-002   7.5867645e-002   4.8503754e-001
   5.8612481e-002   7.1302801e-002   4.8965451e-001
   7.2915658e-002   6.3704371e-002   5.0123096e-001
   8.1148013e-002   5.5622060e-002   5.1183671e-001
   9.0978965e-002   4.6487376e-002   5.2132165e-001
   9.1560118e-002   3.6171142e-002   5.3383487e-001
   9.2731930e-002   2.3985898e-002   5.4707831e-001
   8.9250490e-002   1.0397851e-002   5.6187540e-001
   8.3319403e-002  -6.0336930e-003   5.7876259e-001
   6.9404662e-002  -2.0209260e-002   5.9512174e-001
   4.8531588e-002  -1.9670639e-002   5.9306037e-001
   4.6427444e-002  -1.9562438e-002   5.9096754e-001
   4.3744765e-002  -1.7680680e-002   5.8719498e-001
   4.0370643e-002  -1.5327812e-002   5.8290517e-001
   3.7188161e-002  -1.2229698e-002   5.7768732e-001
   3.3195030e-002  -8.7251635e-003   5.7206005e-001
   2.8698001e-002  -4.2660022e-003   5.6552166e-001
   2.2944119e-002   1.7089455e-003   5.5779976e-001
   1.3105664e-002   6.9356035e-003   5.5124432e-001
   1.9534677e-003   7.4651316e-003   5.4830950e-001
   5.9367361e-004   8.1260623e-003   5.4850882e-001
   7.6200080e-004   1.0135172e-002   5.4669875e-001
   1.6017200e-003   1.2432005e-002   5.4480088e-001
   1.8453781e-003   1.4495779e-002   5.4297125e-001
   1.6668887e-003   1.6407318e-002   5.4117543e-001
   1.3320628e-003   1.8234055e-002   5.3946733e-001
   4.3061876e-004   1.9895712e-002   5.3773832e-001
  -1.1068388e-003   2.1375233e-002   5.3594738e-001
  -3.2207752e-003   2.2658659e-002   5.3411824e-001
  -5.2843695e-003   2.3937603e-002   5.3242326e-001
   5.7192012e-003   3.5533771e-002   5.3505635e-001
   3.2948551e-003   3.7725385e-002   5.3424382e-001
   1.3626796e-003   4.0112305e-002   5.3338808e-001
  -7.7083678e-005   4.2651605e-002   5.3238398e-001
  -1.0524753e-003   4.5404073e-002   5.3146434e-001
  -1.5505725e-003   4.8349701e-002   5.3041685e-001
  -1.5946040e-003   5.1603235e-002   5.2934641e-001
  -1.1112506e-003   5.4968696e-002   5.2779388e-001
  -2.3889611e-004   5.9129514e-002   5.2635717e-001
   1.4772549e-003   6.1421193e-002   5.2366382e-001
   2.5278561e-002   3.2486539e-002   5.2307439e-001
   2.3458352e-002   3.3676431e-002   5.2083832e-001
   2.1604089e-002   3.5032641e-002   5.1858670e-001
   1.9676646e-002   3.6620639e-002   5.1636589e-001
   1.7649626e-002   3.8481660e-002   5.1420760e-001
   1.5515561e-002   4.0609173e-002   5.1208621e-001
   1.3247736e-002   4.3050781e-002   5.1005238e-001
   1.0837037e-002   4.5753896e-002   5.0799000e-001
   8.2911821e-003   4.8960134e-002   5.0639063e-001
   5.7375971e-003   5.2587915e-002   5.0529468e-001
  -2.8529242e-003   2.4014343e-002   5.3121412e-001
   9.6857576e-003   2.7351204e-002   5.3217071e-001
   2.0518765e-002   3.2372389e-002   5.3134131e-001
   2.8763393e-002   3.7467480e-002   5.2724564e-001
   3.4868583e-002   4.2109247e-002   5.2195865e-001
   3.9414901e-002   4.7363203e-002   5.1655143e-001
   4.2242084e-002   5.3267285e-002   5.1043767e-001
   4.3181863e-002   5.9533417e-002   5.0319749e-001
   4.2468190e-002   6.6839539e-002   4.9550834e-001
   3.9713722e-002   7.4134439e-002   4.8632759e-001


  -1.0184196e-001   3.7109204e-002   5.2625060e-001
  -8.2656503e-002   5.8007088e-002   5.1780164e-001
  -5.5883687e-002   7.2413184e-002   5.1587844e-001
  -2.8946584e-002   7.5819008e-002   5.1712835e-001
  -6.0148085e-003   7.5358763e-002   5.1992702e-001
   1.4523946e-002   7.2974876e-002   5.2510512e-001
   3.3719193e-002   6.7707881e-002   5.3314424e-001
   5.1033393e-002   5.7624232e-002   5.4348731e-001
   6.7417122e-002   4.4475630e-002   5.5692887e-001
   8.3881535e-002   2.7500739e-002   5.7436025e-001
   7.5372659e-002   1.8013153e-002   5.7824838e-001
   6.5354355e-002   1.3230427e-002   5.7866311e-001
   5.5255096e-002   9.2336116e-003   5.7879639e-001
   4.5409415e-002   5.4677995e-003   5.7912058e-001
   3.6086604e-002   7.3263876e-004   5.8059227e-001
   2.6320474e-002  -1.7524249e-003   5.8062148e-001
   1.6101602e-002  -4.1530607e-003   5.8088112e-001
   5.8669560e-003  -7.8201089e-003   5.8245581e-001
  -3.4070746e-003  -1.2789039e-002   5.8547574e-001
  -7.7994987e-003  -1.9051792e-002   5.9036165e-001
  -1.0306789e-002  -2.2708043e-002   5.9203339e-001
  -1.3473797e-002  -2.0990681e-002   5.9018809e-001
  -1.6608989e-002  -1.9604539e-002   5.8864695e-001
  -1.9794909e-002  -1.8625733e-002   5.8742213e-001
  -2.3153512e-002  -1.7645380e-002   5.8633035e-001
  -2.6141375e-002  -1.8375475e-002   5.8614773e-001
  -2.9439922e-002  -1.8184872e-002   5.8571857e-001
  -3.2532644e-002  -2.0454213e-002   5.8643806e-001
  -3.6349829e-002  -2.3005452e-002   5.8727068e-001
  -3.8909622e-002  -2.3629634e-002   5.8784336e-001
  -4.8120145e-002  -3.4049812e-003   5.8464813e-001
  -5.2425239e-002  -4.8584463e-003   5.8696145e-001
  -5.6474250e-002  -5.7370844e-003   5.8875626e-001
  -6.0298182e-002  -5.9808474e-003   5.8986968e-001
  -6.3892208e-002  -5.5258148e-003   5.9026456e-001
  -6.7205191e-002  -4.3165665e-003   5.9019643e-001
  -7.0213243e-002  -2.3286282e-003   5.8990276e-001
  -7.2959103e-002   6.3625589e-004   5.8971977e-001
  -7.5607613e-002   4.9052392e-003   5.8952081e-001
  -7.7637315e-002   8.2654189e-003   5.8687353e-001
  -4.4622675e-002   5.5064023e-003   5.5999053e-001
  -5.1003229e-002   3.1594373e-003   5.6009084e-001
  -5.6939870e-002   1.7870063e-003   5.6021959e-001
  -6.2386673e-002   1.4156268e-003   5.6031650e-001
  -6.7271143e-002   1.8342695e-003   5.6002432e-001
  -7.1580000e-002   3.0463079e-003   5.5934989e-001
  -7.5306058e-002   5.0122873e-003   5.5824667e-001
  -7.8474253e-002   7.6689459e-003   5.5665183e-001
  -8.1226237e-002   1.0850849e-002   5.5441332e-001
  -8.3494589e-002   1.4820878e-002   5.5183601e-001
  -3.9587773e-002  -2.1614306e-002   5.8689815e-001
  -4.0377427e-002  -5.7995869e-003   5.7935113e-001
  -4.3987896e-002   7.8981193e-003   5.7185864e-001
  -5.0463572e-002   1.6961243e-002   5.6366295e-001
  -5.7437938e-002   2.3090661e-002   5.5597234e-001
  -6.4526156e-002   2.7968552e-002   5.4938197e-001
  -7.2173640e-002   3.1580407e-002   5.4373741e-001
  -8.0595173e-002   3.3666987e-002   5.3887981e-001
  -8.9781381e-002   3.4241460e-002   5.3477061e-001
  -1.0013103e-001   3.1575713e-002   5.3098434e-001


   1.1700162e-001  -4.1197177e-002   5.0145334e-001
   9.8549694e-002  -4.2547505e-002   5.0310922e-001
   8.4279425e-002  -4.1513197e-002   5.0418901e-001
   7.0698559e-002  -3.8774014e-002   5.0447619e-001
   5.5497788e-002  -3.4162741e-002   5.0443542e-001
   4.4709619e-002  -2.4882726e-002   5.0996709e-001
   3.2437809e-002  -1.3195372e-002   5.1523399e-001
   2.2845184e-002   2.2995495e-003   5.2333462e-001
   1.6045466e-002   2.1374904e-002   5.3389567e-001
   1.5832536e-002   4.0534377e-002   5.4718477e-001
   2.6422804e-002   4.3873027e-002   5.4943198e-001
   3.1181796e-002   4.2907879e-002   5.4790366e-001
   3.6747809e-002   4.1763689e-002   5.4635662e-001
   4.3211494e-002   4.1131228e-002   5.4539764e-001
   5.0356988e-002   4.0609650e-002   5.4471332e-001
   5.7740949e-002   3.9260764e-002   5.4378468e-001
   6.6320300e-002   3.8172789e-002   5.4346555e-001
   7.6392405e-002   3.6774475e-002   5.4352164e-001
   8.8285178e-002   3.7016232e-002   5.4480231e-001
   9.8557875e-002   4.2609897e-002   5.4804540e-001
   1.0055085e-001   4.3352712e-002   5.4855227e-001
   1.0161489e-001   4.1043971e-002   5.4755682e-001
   1.0283794e-001   3.8953014e-002   5.4668713e-001
   1.0416198e-001   3.7047639e-002   5.4588473e-001
   1.0568666e-001   3.5372309e-002   5.4518819e-001
   1.0730474e-001   3.3808388e-002   5.4454255e-001
   1.0959320e-001   3.2773253e-002   5.4427010e-001
   1.1220265e-001   3.2004770e-002   5.4418820e-001
   1.1553513e-001   3.1990450e-002   5.4447275e-001
   1.1896077e-001   3.2055330e-002   5.4482329e-001
   1.1413026e-001   1.6698973e-002   5.4429448e-001
   1.1733022e-001   1.4982131e-002   5.4583251e-001
   1.2043672e-001   1.3267411e-002   5.4692596e-001
   1.2328026e-001   1.1467922e-002   5.4743201e-001
   1.2571836e-001   9.5642349e-003   5.4724967e-001
   1.2770329e-001   7.5514410e-003   5.4676718e-001
   1.2932052e-001   5.4187933e-003   5.4633749e-001
   1.3064444e-001   3.1166503e-003   5.4602510e-001
   1.3169871e-001   5.1180075e-004   5.4581392e-001
   1.3236514e-001  -2.1988377e-003   5.4515970e-001
   1.0491123e-001   1.2636485e-002   5.2925169e-001
   1.1002614e-001   1.2083028e-002   5.2785754e-001
   1.1475942e-001   1.0928865e-002   5.2706569e-001
   1.1895722e-001   9.1427322e-003   5.2685660e-001
   1.2258932e-001   6.8676388e-003   5.2687407e-001
   1.2574139e-001   4.1805925e-003   5.2695125e-001
   1.2845299e-001   1.0463911e-003   5.2716184e-001
   1.3064766e-001  -2.6004238e-003   5.2767432e-001
   1.3238038e-001  -6.7380872e-003   5.2840936e-001
   1.3350187e-001  -1.1376973e-002   5.2949512e-001
   1.1845811e-001   3.1151146e-002   5.4398572e-001
   1.1157648e-001   2.2758059e-002   5.4032886e-001
   1.0597606e-001   1.4689948e-002   5.3706396e-001
   1.0253241e-001   6.7484700e-003   5.3331280e-001
   1.0123280e-001  -7.3555205e-004   5.2884072e-001
   1.0133324e-001  -8.2003186e-003   5.2480417e-001
   1.0325433e-001  -1.5474893e-002   5.2052563e-001
   1.0682961e-001  -2.2802845e-002   5.1612258e-001
   1.1234289e-001  -2.9695373e-002   5.1114684e-001
   1.2052149e-001  -3.4662858e-002   5.0580204e-001


   6.5429233e-002  -3.1090584e-002   5.3128374e-001
   7.7857047e-002  -1.7918305e-002   5.2145541e-001
   8.2665294e-002  -7.1704113e-003   5.0579989e-001
   8.4044948e-002   3.6099663e-003   4.9418080e-001
   8.2856819e-002   1.5108373e-002   4.8316970e-001
   7.4697196e-002   2.4051102e-002   4.7510558e-001
   6.3113242e-002   3.2684911e-002   4.6875954e-001
   4.8889026e-002   4.1534346e-002   4.6312052e-001
   3.2803155e-002   5.2537464e-002   4.5412612e-001
   1.1322128e-002   6.5179467e-002   4.4075176e-001
   3.3126180e-003   6.2524855e-002   4.4362488e-001
   1.3926441e-003   5.3021483e-002   4.5487735e-001
  -1.4366721e-003   4.4562295e-002   4.6438491e-001
  -4.1992343e-003   3.6657706e-002   4.7278869e-001
  -7.1407720e-003   2.9487783e-002   4.7994155e-001
  -1.0027342e-002   2.3268061e-002   4.8611259e-001
  -1.3182347e-002   1.7717395e-002   4.9096522e-001
  -1.6105672e-002   1.2960747e-002   4.9504054e-001
  -2.0571107e-002   8.3809178e-003   4.9633449e-001
  -2.4862925e-002   4.9340702e-003   4.9680781e-001
  -2.5895754e-002   4.1824947e-003   4.9838963e-001
  -2.5861289e-002   3.2712168e-003   4.9977851e-001
  -2.3253301e-002   1.7136508e-003   5.0175786e-001
  -2.0382067e-002  -1.1678512e-004   5.0357330e-001
  -1.7985707e-002  -2.0240913e-003   5.0513083e-001
  -1.7315226e-002  -3.7796458e-003   5.0681508e-001
  -1.7061125e-002  -5.6738616e-003   5.0855261e-001
  -1.7369311e-002  -7.7480855e-003   5.1049864e-001
  -1.7575143e-002  -1.0004258e-002   5.1219761e-001
  -1.7186169e-002  -1.1884205e-002   5.1230764e-001
  -5.7230406e-003  -1.7350424e-002   5.0570023e-001
  -6.9143004e-003  -2.1683220e-002   5.0690329e-001
  -7.5600115e-003  -2.5637280e-002   5.0766343e-001
  -7.6373229e-003  -2.9136064e-002   5.0828385e-001
  -6.9372314e-003  -3.2067701e-002   5.0909048e-001
  -5.6774514e-003  -3.4574833e-002   5.0967443e-001
  -3.8175350e-003  -3.6708396e-002   5.1002157e-001
  -1.1754778e-003  -3.8438302e-002   5.1029283e-001
   2.5017522e-003  -4.0003505e-002   5.1032448e-001
   5.8994242e-003  -3.9689925e-002   5.1147419e-001
   1.2426113e-002  -2.4003240e-003   5.0963408e-001
   1.2321870e-002  -6.1114859e-003   5.1378953e-001
   1.2665166e-002  -1.0193100e-002   5.1713550e-001
   1.3596580e-002  -1.4356323e-002   5.1973122e-001
   1.5151479e-002  -1.8429872e-002   5.2163750e-001
   1.7314974e-002  -2.2293624e-002   5.2293211e-001
   2.0049544e-002  -2.5840539e-002   5.2388597e-001
   2.3348814e-002  -2.9100230e-002   5.2489144e-001
   2.7265554e-002  -3.2258719e-002   5.2590418e-001
   3.1847291e-002  -3.5423052e-002   5.2661741e-001
  -1.5611859e-002  -1.1665035e-002   5.1241291e-001
  -4.0732450e-003  -9.0695182e-003   5.0679618e-001
   7.4510626e-003  -8.3728740e-003   5.0384426e-001
   1.8016376e-002  -8.4857615e-003   5.0464153e-001
   2.7133504e-002  -9.3229851e-003   5.0676823e-001
   3.5082497e-002  -1.1254910e-002   5.0952768e-001
   4.2074155e-002  -1.4417619e-002   5.1302063e-001
   4.8734937e-002  -1.8798787e-002   5.1677126e-001
   5.4051142e-002  -2.4191117e-002   5.2241820e-001
   5.8560293e-002  -3.0604396e-002   5.2922207e-001


  -1.2218751e+000   3.1211516e-001   8.6672125e+000
  -9.2809391e-001   6.5195465e-001   8.4806118e+000
  -4.5665139e-001   8.5138202e-001   8.3295794e+000
  -2.7474977e-002   8.5131276e-001   8.2979498e+000
   3.1101468e-001   8.9597034e-001   8.2655115e+000
   5.7577044e-001   8.2156563e-001   8.3028708e+000
   7.7097440e-001   6.9848645e-001   8.3649063e+000
   9.6432698e-001   5.9657347e-001   8.4217205e+000
   1.1836100e+000   4.8537344e-001   8.5080376e+000
   1.4429142e+000   3.1429452e-001   8.6832132e+000
   1.3822159e+000   2.3789497e-001   8.7511635e+000
   1.2866352e+000   1.8889289e-001   8.7731848e+000
   1.1790181e+000   1.4185432e-001   8.8062267e+000
   1.0540677e+000   1.0206567e-001   8.8372889e+000
   9.2994595e-001   4.8975337e-002   8.8825998e+000
   8.0146486e-001  -1.3143050e-002   8.9400358e+000
   6.7077196e-001  -8.6940855e-002   9.0142021e+000
   5.2089053e-001  -1.6346049e-001   9.0996265e+000
   3.7595689e-001  -2.5859839e-001   9.2139378e+000
   3.0902302e-001  -3.9057556e-001   9.3420658e+000
   2.8089958e-001  -4.1274324e-001   9.3944407e+000
   2.2916284e-001  -3.9179221e-001   9.3878174e+000
   1.8000430e-001  -3.7582543e-001   9.3835411e+000
   1.3190952e-001  -3.6983865e-001   9.3862009e+000
   8.6367764e-002  -3.6911932e-001   9.3913479e+000
   4.4826221e-002  -3.6597058e-001   9.3905764e+000
   1.8884756e-003  -3.8603365e-001   9.4110689e+000
  -3.7625961e-002  -4.0883604e-001   9.4308891e+000
  -7.4475199e-002  -4.3774161e-001   9.4534235e+000
  -1.1022195e-001  -4.6321967e-001   9.4708366e+000
  -2.0987570e-001  -2.2751988e-001   9.4541502e+000
  -2.7124366e-001  -2.4821484e-001   9.5196133e+000
  -3.3383700e-001  -2.6827654e-001   9.5670729e+000
  -3.9625242e-001  -2.8592160e-001   9.5961733e+000
  -4.5639268e-001  -2.9662952e-001   9.6109190e+000
  -5.1395220e-001  -2.9874885e-001   9.6134109e+000
  -5.6908047e-001  -2.9381946e-001   9.6023293e+000
  -6.2365568e-001  -2.7826315e-001   9.5812664e+000
  -6.8316370e-001  -2.5018743e-001   9.5505495e+000
  -7.2739863e-001  -2.2958155e-001   9.4943905e+000
  -2.7337542e-001  -1.3993920e-001   9.0591116e+000
  -3.5676894e-001  -1.8491508e-001   9.0848532e+000
  -4.3881640e-001  -2.1648194e-001   9.1125479e+000
  -5.1935977e-001  -2.3646292e-001   9.1378231e+000
  -5.9811884e-001  -2.4528554e-001   9.1596069e+000
  -6.7504013e-001  -2.4401730e-001   9.1764145e+000
  -7.4977982e-001  -2.3220871e-001   9.1887312e+000
  -8.2441717e-001  -2.1319826e-001   9.1938629e+000
  -8.9784968e-001  -1.8377338e-001   9.1952190e+000
  -9.7048646e-001  -1.4417318e-001   9.1927319e+000
  -1.3032655e-001  -4.3380824e-001   9.4574118e+000
  -1.6154093e-001  -2.5751188e-001   9.3212490e+000
  -2.0663573e-001  -1.0317749e-001   9.2015886e+000
  -2.7835694e-001   2.1539833e-002   9.0939398e+000
  -3.6984438e-001   1.2342741e-001   9.0026827e+000
  -4.8207957e-001   2.0506683e-001   8.9279356e+000
  -6.1704367e-001   2.6638773e-001   8.8662252e+000
  -7.7631485e-001   3.0581874e-001   8.8115482e+000
  -9.6230567e-001   2.8504613e-001   8.7700129e+000
  -1.1673393e+000   2.3912723e-001   8.7545872e+000


   1.5331873e-002  -1.4151184e-001   6.7299074e-001
   2.9823884e-002  -1.3092609e-001   6.6849917e-001
   3.8523100e-002  -1.1425799e-001   6.6400158e-001
   3.8327161e-002  -9.7037427e-002   6.6366166e-001
   3.6701530e-002  -8.2205907e-002   6.6397768e-001
   3.2155015e-002  -6.8259351e-002   6.6527110e-001
   2.5518404e-002  -5.3969804e-002   6.6656828e-001
   1.3850948e-002  -4.2106789e-002   6.7066449e-001
   9.3343679e-004  -2.7922468e-002   6.7354971e-001
  -1.5582201e-002  -1.2442037e-002   6.7710775e-001
  -2.2211600e-002  -1.6716501e-002   6.7913687e-001
  -2.5704134e-002  -2.6636109e-002   6.8015486e-001
  -2.8322879e-002  -3.6417019e-002   6.8082166e-001
  -3.1304814e-002  -4.5197397e-002   6.8149084e-001
  -3.4168802e-002  -5.3191893e-002   6.8205667e-001
  -3.6986690e-002  -6.0444999e-002   6.8252820e-001
  -4.0578201e-002  -6.6694856e-002   6.8306363e-001
  -4.4945352e-002  -7.1902499e-002   6.8366420e-001
  -5.0484266e-002  -7.5397655e-002   6.8448150e-001
  -5.5628330e-002  -7.8519396e-002   6.8509722e-001
  -5.6756064e-002  -7.9856887e-002   6.8534458e-001
  -5.5915140e-002  -8.2105175e-002   6.8476683e-001
  -5.4931067e-002  -8.4459916e-002   6.8415326e-001
  -5.4257672e-002  -8.6742200e-002   6.8362969e-001
  -5.3881746e-002  -8.8947810e-002   6.8318784e-001
  -5.3915605e-002  -9.1108531e-002   6.8285453e-001
  -5.4512031e-002  -9.3291320e-002   6.8268031e-001
  -5.5778868e-002  -9.5540874e-002   6.8272746e-001
  -5.7052318e-002  -9.7651914e-002   6.8276268e-001
  -5.8368817e-002  -9.9660978e-002   6.8274963e-001
  -4.8552420e-002  -1.0406190e-001   6.7423910e-001
  -4.9698494e-002  -1.0676961e-001   6.7302215e-001
  -5.0561398e-002  -1.0950430e-001   6.7179728e-001
  -5.1184367e-002  -1.1225945e-001   6.7057312e-001
  -5.1559620e-002  -1.1507159e-001   6.6940469e-001
  -5.1656205e-002  -1.1797122e-001   6.6833508e-001
  -5.1489506e-002  -1.2095551e-001   6.6731900e-001
  -5.1118657e-002  -1.2407168e-001   6.6620886e-001
  -5.0450556e-002  -1.2747629e-001   6.6503298e-001
  -4.9107525e-002  -1.3032360e-001   6.6513878e-001
  -2.8468616e-002  -1.0224202e-001   6.8221587e-001
  -2.9780215e-002  -1.0658657e-001   6.8309867e-001
  -3.0981105e-002  -1.1076332e-001   6.8369305e-001
  -3.2072429e-002  -1.1475144e-001   6.8392444e-001
  -3.3031609e-002  -1.1852460e-001   6.8380153e-001
  -3.3817250e-002  -1.2208237e-001   6.8347961e-001
  -3.4422588e-002  -1.2543872e-001   6.8302482e-001
  -3.4844276e-002  -1.2862100e-001   6.8250662e-001
  -3.5089087e-002  -1.3164823e-001   6.8192172e-001
  -3.5178702e-002  -1.3448787e-001   6.8112004e-001
  -5.6118354e-002  -1.0035859e-001   6.8342459e-001
  -4.4951756e-002  -1.0042930e-001   6.8051481e-001
  -3.4693632e-002  -1.0132568e-001   6.7754126e-001
  -2.5670337e-002  -1.0422423e-001   6.7625242e-001
  -1.7603856e-002  -1.0780837e-001   6.7516130e-001
  -1.0644505e-002  -1.1249328e-001   6.7475009e-001
  -4.6217032e-003  -1.1800358e-001   6.7434269e-001
   5.1049929e-004  -1.2436395e-001   6.7404032e-001
   4.6342327e-003  -1.3175656e-001   6.7418373e-001
   8.0143576e-003  -1.3980632e-001   6.7468685e-001


  -8.3782166e-002  -8.1825992e-003   3.6219379e-001
  -7.6784082e-002  -2.3546083e-002   3.5501313e-001
  -6.7065224e-002  -3.4330249e-002   3.5017714e-001
  -5.7259064e-002  -4.2660747e-002   3.4545889e-001
  -4.3876071e-002  -4.6575908e-002   3.4284681e-001
  -2.7398616e-002  -4.5370299e-002   3.4306860e-001
  -8.7357964e-003  -4.0562294e-002   3.4458590e-001
   1.1190981e-002  -2.8273422e-002   3.5040918e-001
   3.7696000e-002  -2.1199750e-002   3.5154018e-001
   6.2024891e-002  -1.6472118e-003   3.5982269e-001
   6.2107757e-002   1.7362855e-002   3.6602181e-001
   5.1659901e-002   1.9627905e-002   3.6832032e-001
   4.1661426e-002   2.1268196e-002   3.7087184e-001
   3.2395668e-002   2.3667276e-002   3.7332046e-001
   2.3891866e-002   2.6954163e-002   3.7564093e-001
   1.5856639e-002   3.0404812e-002   3.7797537e-001
   8.1597315e-003   3.4273051e-002   3.8023743e-001
   9.2426804e-004   3.9156124e-002   3.8229999e-001
  -4.8493617e-003   4.5881178e-002   3.8411161e-001
  -7.8754118e-003   5.4126609e-002   3.8593465e-001
  -9.3562268e-003   5.5438861e-002   3.8599440e-001
  -1.1929646e-002   5.4066308e-002   3.8516593e-001
  -1.4451125e-002   5.2187040e-002   3.8436186e-001
  -1.6939230e-002   5.0961804e-002   3.8381886e-001
  -1.9519422e-002   5.0492637e-002   3.8369513e-001
  -2.1850875e-002   4.9839366e-002   3.8344666e-001
  -2.4457870e-002   5.0181206e-002   3.8384798e-001
  -2.7068706e-002   5.0851345e-002   3.8447502e-001
  -2.9882142e-002   5.2094951e-002   3.8554540e-001
  -3.1724956e-002   5.2692253e-002   3.8581312e-001
  -3.3806689e-002   4.7516048e-002   3.7523404e-001
  -3.7436314e-002   4.9542665e-002   3.7439713e-001
  -4.1090399e-002   5.0941586e-002   3.7376225e-001
  -4.4727109e-002   5.1726308e-002   3.7322453e-001
  -4.8337217e-002   5.1934250e-002   3.7269187e-001
  -5.1890239e-002   5.1371645e-002   3.7257344e-001
  -5.5292305e-002   5.0133012e-002   3.7262258e-001
  -5.8606327e-002   4.8404817e-002   3.7250054e-001
  -6.2063474e-002   4.6300896e-002   3.7204859e-001
  -6.5987058e-002   4.3806989e-002   3.7132123e-001
  -3.2248210e-002   2.1798069e-002   3.7767988e-001
  -3.6645874e-002   2.3157520e-002   3.7929398e-001
  -4.1031025e-002   2.4351802e-002   3.8050959e-001
  -4.5378532e-002   2.5495324e-002   3.8097486e-001
  -4.9618550e-002   2.6435517e-002   3.8086322e-001
  -5.3726375e-002   2.7056802e-002   3.8042751e-001
  -5.7726137e-002   2.7315415e-002   3.7983236e-001
  -6.1685789e-002   2.7197532e-002   3.7916803e-001
  -6.5727308e-002   2.6690604e-002   3.7847480e-001
  -6.9879778e-002   2.5844932e-002   3.7756953e-001
  -3.2271679e-002   5.1857509e-002   3.8491526e-001
  -2.9730663e-002   4.1000564e-002   3.8007498e-001
  -2.9038340e-002   3.1319022e-002   3.7614349e-001
  -3.0050613e-002   2.3038894e-002   3.7241396e-001
  -3.3217028e-002   1.5892137e-002   3.6915302e-001
  -3.8505491e-002   9.8118922e-003   3.6635807e-001
  -4.5926969e-002   4.7089201e-003   3.6441821e-001
  -5.5417616e-002   6.0453202e-004   3.6339960e-001
  -6.7086548e-002  -2.2618934e-003   3.6359432e-001
  -8.1102446e-002  -3.5248681e-003   3.6468863e-001


  -5.0910614e-002  -1.1376922e-002   5.1431566e-001
  -3.4521651e-002  -1.7677011e-002   5.1803350e-001
  -1.5586827e-002  -1.7372319e-002   5.1781726e-001
   1.3159014e-003  -1.5800005e-002   5.1578307e-001
   1.6205888e-002  -1.0270419e-002   5.1173496e-001
   2.9539276e-002  -3.6022074e-003   5.0562674e-001
   4.1752245e-002   4.4780155e-003   4.9729294e-001
   5.2044038e-002   1.4852137e-002   4.8687527e-001
   6.1647061e-002   2.6498187e-002   4.7409573e-001
   7.2381213e-002   4.0149730e-002   4.5872414e-001
   6.5234326e-002   4.4948172e-002   4.5380250e-001
   5.6966007e-002   4.4640664e-002   4.5479807e-001
   4.8603859e-002   4.3911599e-002   4.5536634e-001
   4.0416341e-002   4.3411788e-002   4.5544928e-001
   3.2429304e-002   4.3011464e-002   4.5515853e-001
   2.4555782e-002   4.2791601e-002   4.5447272e-001
   1.6611531e-002   4.2902745e-002   4.5327577e-001
   8.3934506e-003   4.3491933e-002   4.5141670e-001
   2.0602241e-004   4.5428522e-002   4.4832191e-001
  -6.0948292e-003   4.9629491e-002   4.4365257e-001
  -7.7270698e-003   5.0064482e-002   4.4210911e-001
  -9.4036954e-003   4.8437122e-002   4.4317847e-001
  -1.1094316e-002   4.6798222e-002   4.4431615e-001
  -1.2863143e-002   4.5370165e-002   4.4532758e-001
  -1.4767800e-002   4.4236191e-002   4.4610313e-001
  -1.6735939e-002   4.3309595e-002   4.4674236e-001
  -1.9023191e-002   4.2849455e-002   4.4689834e-001
  -2.1453930e-002   4.2674743e-002   4.4682649e-001
  -2.3845477e-002   4.2536438e-002   4.4672731e-001
  -2.6611043e-002   4.2977929e-002   4.4613081e-001
  -2.8134156e-002   2.7461771e-002   4.5038891e-001
  -3.1696152e-002   2.7032135e-002   4.4876638e-001
  -3.5141356e-002   2.6599761e-002   4.4777143e-001
  -3.8425159e-002   2.6118878e-002   4.4740179e-001
  -4.1518111e-002   2.5530670e-002   4.4759631e-001
  -4.4417806e-002   2.4812372e-002   4.4831818e-001
  -4.7154956e-002   2.3870692e-002   4.4947451e-001
  -4.9796846e-002   2.2644754e-002   4.5107260e-001
  -5.2296709e-002   2.1335747e-002   4.5333540e-001
  -5.4255169e-002   2.0563282e-002   4.5641544e-001
  -2.0981783e-002   2.7721629e-002   4.6956998e-001
  -2.7232060e-002   2.8036300e-002   4.7010651e-001
  -3.2859173e-002   2.7587431e-002   4.7060063e-001
  -3.7794754e-002   2.6538491e-002   4.7131091e-001
  -4.2013127e-002   2.4972394e-002   4.7234645e-001
  -4.5525152e-002   2.3064386e-002   4.7387400e-001
  -4.8314959e-002   2.0692386e-002   4.7576874e-001
  -5.0472278e-002   1.8237257e-002   4.7836846e-001
  -5.1977050e-002   1.5484250e-002   4.8147336e-001
  -5.2853674e-002   1.2458144e-002   4.8511350e-001
  -2.6918683e-002   4.2001527e-002   4.4713545e-001
  -2.3533836e-002   3.6229439e-002   4.5284146e-001
  -2.0242456e-002   3.0596478e-002   4.5819375e-001
  -1.8342519e-002   2.4362637e-002   4.6315482e-001
  -1.9008528e-002   1.8684741e-002   4.6898997e-001
  -2.1603471e-002   1.3019307e-002   4.7518611e-001
  -2.6093999e-002   7.3514194e-003   4.8187086e-001
  -3.2444805e-002   1.8281701e-003   4.8927391e-001
  -4.0802330e-002  -2.8186101e-003   4.9755338e-001
  -5.2148588e-002  -4.7229719e-003   5.0556087e-001


   7.7801928e-002   9.6167503e-003   4.8307753e-001
   7.5111397e-002   2.2598898e-002   4.8924944e-001
   6.9977403e-002   3.3403639e-002   4.9400559e-001
   6.2376808e-002   4.1744243e-002   4.9767449e-001
   5.2099179e-002   4.7378201e-002   5.0071126e-001
   3.8896333e-002   5.1168203e-002   5.0223249e-001
   2.2726852e-002   5.2842643e-002   5.0271648e-001
   3.3112341e-003   5.2720159e-002   5.0219721e-001
  -1.6838295e-002   5.0642077e-002   4.9751082e-001
  -4.0832218e-002   4.6159610e-002   4.9333796e-001
  -4.3494981e-002   3.4329839e-002   4.8398951e-001
  -4.0167805e-002   2.9352222e-002   4.8181719e-001
  -3.5633232e-002   2.4307473e-002   4.8001087e-001
  -3.1287655e-002   1.8926654e-002   4.7789246e-001
  -2.6921013e-002   1.3250621e-002   4.7555673e-001
  -2.2529611e-002   7.2226981e-003   4.7292387e-001
  -1.6839668e-002   1.0410951e-003   4.7046006e-001
  -1.1813174e-002  -6.0655563e-003   4.6680403e-001
  -8.1596244e-003  -1.3944067e-002   4.6207815e-001
  -8.7833842e-003  -2.1489952e-002   4.5737246e-001
  -8.7824306e-003  -2.4004728e-002   4.5635524e-001
  -6.4805886e-003  -2.3564637e-002   4.5626217e-001
  -4.2249495e-003  -2.3401354e-002   4.5606297e-001
  -1.9591805e-003  -2.3490058e-002   4.5578679e-001
   3.6007451e-004  -2.3760578e-002   4.5546019e-001
   2.7247514e-003  -2.4235705e-002   4.5503122e-001
   5.0290981e-003  -2.5289306e-002   4.5431292e-001
   7.2638756e-003  -2.6972188e-002   4.5332155e-001
   9.4681894e-003  -2.9838383e-002   4.5207304e-001
   1.1713361e-002  -3.2114934e-002   4.5080775e-001
   1.7017866e-002  -2.3910820e-002   4.4794503e-001
   1.9656064e-002  -2.5486186e-002   4.4577360e-001
   2.2498844e-002  -2.6777977e-002   4.4391227e-001
   2.5612114e-002  -2.7912712e-002   4.4284880e-001
   2.8904317e-002  -2.8744869e-002   4.4254181e-001
   3.2286316e-002  -2.9135616e-002   4.4258386e-001
   3.5768408e-002  -2.9076453e-002   4.4277045e-001
   3.9438598e-002  -2.8578527e-002   4.4302586e-001
   4.3395810e-002  -2.7656885e-002   4.4345254e-001
   4.7634240e-002  -2.6335398e-002   4.4425306e-001
   2.3207128e-002  -1.0048795e-002   4.6963629e-001
   2.7785048e-002  -1.4359356e-002   4.6874222e-001
   3.2256726e-002  -1.7851287e-002   4.6753317e-001
   3.6648840e-002  -2.0467194e-002   4.6611765e-001
   4.0889177e-002  -2.2317309e-002   4.6486139e-001
   4.4939447e-002  -2.3550741e-002   4.6403524e-001
   4.8835307e-002  -2.4176961e-002   4.6357894e-001
   5.2574918e-002  -2.4097141e-002   4.6332440e-001
   5.6131367e-002  -2.3302676e-002   4.6328202e-001
   5.9659850e-002  -2.1896590e-002   4.6347690e-001
   1.1913937e-002  -3.1850964e-002   4.5321497e-001
   1.5633970e-002  -2.0033628e-002   4.5689529e-001
   2.1568781e-002  -1.1301900e-002   4.6066359e-001
   2.8110342e-002  -4.9713654e-003   4.6504721e-001
   3.4550779e-002  -1.4165848e-005   4.6897465e-001
   4.1087650e-002   3.8737808e-003   4.7184467e-001
   4.7942873e-002   6.6622882e-003   4.7369647e-001
   5.5166077e-002   8.1700571e-003   4.7489709e-001
   6.2684961e-002   7.4956967e-003   4.7612807e-001
   7.0551284e-002   5.1078787e-003   4.7677475e-001


  -2.2969503e-002   3.9245561e-002   4.1337624e-001
  -1.7736362e-002   4.8171759e-002   4.1952565e-001
  -8.4824385e-003   5.4342464e-002   4.2408550e-001
   1.7121956e-003   5.8815878e-002   4.2653340e-001
   1.2595715e-002   6.1431564e-002   4.2725414e-001
   2.4212020e-002   6.1869524e-002   4.2702436e-001
   3.6573190e-002   6.0313344e-002   4.2495012e-001
   4.9501609e-002   5.6439467e-002   4.2170545e-001
   6.4130105e-002   5.0132912e-002   4.1867471e-001
   8.1130877e-002   4.2220615e-002   4.1453063e-001
   8.0862440e-002   3.6482871e-002   4.1196555e-001
   7.4565716e-002   3.1540111e-002   4.0801761e-001
   6.6706181e-002   2.8535685e-002   4.0610331e-001
   6.0426395e-002   2.5245652e-002   4.0406695e-001
   5.5395599e-002   2.1771161e-002   4.0194356e-001
   5.1092047e-002   1.8570773e-002   4.0024942e-001
   4.7859848e-002   1.5309100e-002   3.9858368e-001
   4.5579094e-002   1.2117124e-002   3.9709625e-001
   4.4459168e-002   8.9750374e-003   3.9574680e-001
   4.3954957e-002   6.0405140e-003   3.9476177e-001
   4.3130532e-002   4.7214939e-003   3.9421591e-001
   4.1137416e-002   4.7907038e-003   3.9445767e-001
   3.9271951e-002   4.7968198e-003   3.9461613e-001
   3.7386246e-002   4.8079235e-003   3.9472759e-001
   3.5504557e-002   4.6404861e-003   3.9470384e-001
   3.3860315e-002   3.9424943e-003   3.9434007e-001
   3.2236062e-002   3.1072837e-003   3.9386737e-001
   3.0831221e-002   1.7849634e-003   3.9304349e-001
   2.9471055e-002   2.0731549e-004   3.9200693e-001
   2.8047934e-002  -1.1165108e-003   3.9123255e-001
   2.1155175e-002   3.0644527e-003   3.9981461e-001
   1.9803569e-002   1.7089425e-003   3.9981380e-001
   1.8233301e-002   4.7803973e-004   3.9980739e-001
   1.6455531e-002  -6.4659485e-004   3.9983365e-001
   1.4451347e-002  -1.6476876e-003   3.9983389e-001
   1.2210912e-002  -2.4790054e-003   3.9973569e-001
   9.7628115e-003  -3.1558066e-003   3.9960483e-001
   7.1122609e-003  -3.7281460e-003   3.9950979e-001
   4.0908693e-003  -4.4892686e-003   3.9957750e-001
   1.0424957e-003  -4.6939687e-003   3.9936286e-001
   1.9255748e-002   2.0152608e-002   3.9929730e-001
   1.7148171e-002   1.9419439e-002   3.9847773e-001
   1.4866222e-002   1.8649343e-002   3.9786345e-001
   1.2413982e-002   1.7877409e-002   3.9741489e-001
   9.7904010e-003   1.7111024e-002   3.9711952e-001
   6.9928942e-003   1.6350377e-002   3.9697218e-001
   4.0267762e-003   1.5571418e-002   3.9701635e-001
   8.7732117e-004   1.4810903e-002   3.9717531e-001
  -2.4472685e-003   1.4039178e-002   3.9750615e-001
  -5.8971494e-003   1.3217747e-002   3.9814040e-001
   2.7275115e-002  -5.1262684e-004   3.9144349e-001
   2.4715217e-002   5.9572007e-003   3.9490306e-001
   2.2439748e-002   1.1884233e-002   3.9893022e-001
   1.9072212e-002   1.7136946e-002   4.0245277e-001
   1.4636567e-002   2.1789819e-002   4.0524858e-001
   9.4157811e-003   2.5796203e-002   4.0798742e-001
   3.1931873e-003   2.9251143e-002   4.0992293e-001
  -3.9558904e-003   3.2109901e-002   4.1112578e-001
  -1.1941660e-002   3.4386963e-002   4.1203558e-001
  -2.0892298e-002   3.5906058e-002   4.1202161e-001


   6.1927717e-002   1.5096369e-002   5.1803601e-001
   5.3009145e-002   2.7811289e-002   5.1091462e-001
   3.8044948e-002   3.2852110e-002   5.0244856e-001
   2.4802163e-002   3.8202349e-002   4.9768260e-001
   1.0543917e-002   4.1212484e-002   4.9488688e-001
  -4.6618911e-003   4.1260172e-002   4.9388140e-001
  -2.0818979e-002   3.9028030e-002   4.9488783e-001
  -3.8630020e-002   3.5563417e-002   4.9777067e-001
  -5.5972315e-002   2.7098849e-002   5.0273806e-001
  -7.4968569e-002   1.7401809e-002   5.0958186e-001
  -7.5544707e-002   6.4454386e-003   5.1840222e-001
  -6.7690901e-002   2.7173606e-003   5.2383679e-001
  -5.9420813e-002  -3.3540849e-004   5.2952874e-001
  -5.1860645e-002  -3.6586849e-003   5.3514516e-001
  -4.4166554e-002  -6.0986918e-003   5.3993952e-001
  -3.6963083e-002  -8.7237172e-003   5.4433703e-001
  -3.0458175e-002  -1.2017363e-002   5.4881859e-001
  -2.4274878e-002  -1.5778923e-002   5.5333233e-001
  -1.9341541e-002  -2.0480059e-002   5.5845928e-001
  -1.7469697e-002  -2.5606643e-002   5.6390250e-001
  -1.6357169e-002  -2.8052205e-002   5.6498611e-001
  -1.3436625e-002  -2.7739592e-002   5.6436199e-001
  -1.0445947e-002  -2.7362224e-002   5.6356037e-001
  -7.6800981e-003  -2.7223991e-002   5.6317246e-001
  -5.1369895e-003  -2.7374828e-002   5.6318325e-001
  -2.7844792e-003  -2.7836598e-002   5.6359547e-001
  -5.0380966e-004  -2.8286790e-002   5.6404656e-001
   1.6429935e-003  -2.9364597e-002   5.6537098e-001
   3.9114500e-003  -3.0529829e-002   5.6707519e-001
   5.3932746e-003  -3.0936904e-002   5.6723028e-001
   1.2985367e-002  -2.7526632e-002   5.5338216e-001
   1.5722768e-002  -2.9782601e-002   5.5353510e-001
   1.8382693e-002  -3.1688556e-002   5.5318308e-001
   2.1126192e-002  -3.3017542e-002   5.5272043e-001
   2.3946196e-002  -3.3781447e-002   5.5211616e-001
   2.6728328e-002  -3.4186982e-002   5.5110645e-001
   2.9604312e-002  -3.4233604e-002   5.4975355e-001
   3.2804888e-002  -3.4262773e-002   5.4778606e-001
   3.6221258e-002  -3.2658886e-002   5.4679155e-001
   3.8837880e-002  -2.9747523e-002   5.4611593e-001
   1.3757563e-002  -7.5902683e-003   5.4966551e-001
   1.6330294e-002  -9.3124304e-003   5.5235040e-001
   1.9327965e-002  -1.0945567e-002   5.5416328e-001
   2.2731673e-002  -1.2357969e-002   5.5515909e-001
   2.6509507e-002  -1.3549403e-002   5.5531466e-001
   3.0670509e-002  -1.4377597e-002   5.5475718e-001
   3.5301067e-002  -1.4704994e-002   5.5364597e-001
   4.0414009e-002  -1.4640685e-002   5.5188614e-001
   4.5933824e-002  -1.4304445e-002   5.4934376e-001
   5.1676262e-002  -1.3768886e-002   5.4592156e-001
   6.0391524e-003  -2.9740533e-002   5.6631213e-001
   7.4012838e-003  -2.3159882e-002   5.5941713e-001
   9.0353228e-003  -1.7691584e-002   5.5221921e-001
   1.2691923e-002  -1.2196160e-002   5.4634714e-001
   1.7398586e-002  -7.3590940e-003   5.4079366e-001
   2.3473378e-002  -2.5305690e-003   5.3673047e-001
   3.0590998e-002   1.4017496e-003   5.3278595e-001
   3.8913965e-002   4.6583340e-003   5.2940875e-001
   4.8396405e-002   7.4594175e-003   5.2548766e-001
   5.9134081e-002   9.8474277e-003   5.2289110e-001


  -3.6841176e-002  -6.5658569e-002   4.2338148e-001
  -2.1552293e-002  -6.1876349e-002   4.0123573e-001
  -6.9047287e-003  -5.9861399e-002   3.8799879e-001
   7.0586023e-003  -5.4586615e-002   3.7792531e-001
   1.7983569e-002  -4.3910030e-002   3.6869711e-001
   2.7013632e-002  -2.9309005e-002   3.6202830e-001
   3.4233432e-002  -1.0607536e-002   3.5785279e-001
   4.0337075e-002   1.2754246e-002   3.5605410e-001
   4.4174615e-002   4.1832391e-002   3.5569730e-001
   3.8468663e-002   6.8499275e-002   3.5954455e-001
   2.6294280e-002   7.7531755e-002   3.7023503e-001
   2.1540733e-002   7.2703905e-002   3.7599045e-001
   1.6779186e-002   6.7381293e-002   3.8182363e-001
   1.1450434e-002   6.3349381e-002   3.8780689e-001
   6.3251527e-003   5.8353491e-002   3.9340475e-001
   8.6788117e-004   5.3252026e-002   3.9878032e-001
  -5.4172482e-003   4.9203295e-002   4.0437934e-001
  -1.2637574e-002   4.4750392e-002   4.1006514e-001
  -2.0489313e-002   4.4049088e-002   4.1657141e-001
  -2.6846243e-002   4.7593404e-002   4.2285094e-001
  -2.8001895e-002   4.7754809e-002   4.2412019e-001
  -2.9054310e-002   4.4072848e-002   4.2425448e-001
  -3.0019185e-002   4.0395793e-002   4.2428425e-001
  -3.1417876e-002   3.7555881e-002   4.2487633e-001
  -3.2941688e-002   3.5004456e-002   4.2560768e-001
  -3.4781184e-002   3.3400118e-002   4.2690492e-001
  -3.6672022e-002   3.1696457e-002   4.2810690e-001
  -3.8784184e-002   3.0549189e-002   4.2962781e-001
  -4.1125443e-002   3.0158456e-002   4.3161559e-001
  -4.3606579e-002   2.9744264e-002   4.3352097e-001
  -4.4818398e-002   1.6817946e-002   4.2166743e-001
  -4.9436588e-002   1.5358358e-002   4.2261747e-001
  -5.3673081e-002   1.3442516e-002   4.2321292e-001
  -5.7376772e-002   1.0981970e-002   4.2396191e-001
  -6.0673513e-002   8.0570951e-003   4.2444271e-001
  -6.3521057e-002   4.5883581e-003   4.2495051e-001
  -6.5946780e-002   5.4210884e-004   4.2553690e-001
  -6.7985870e-002  -4.1181319e-003   4.2624819e-001
  -6.9560066e-002  -9.4022350e-003   4.2722481e-001
  -6.9424748e-002  -1.4820253e-002   4.2895794e-001
  -2.8344307e-002  -1.9826118e-003   4.2027128e-001
  -3.3382382e-002  -3.4684010e-003   4.2494330e-001
  -3.7950471e-002  -5.5349548e-003   4.2872152e-001
  -4.2123057e-002  -8.2056141e-003   4.3143314e-001
  -4.5878816e-002  -1.1498221e-002   4.3297592e-001
  -4.8868701e-002  -1.5483242e-002   4.3385449e-001
  -5.1075332e-002  -2.0163592e-002   4.3418881e-001
  -5.2511204e-002  -2.5596062e-002   4.3414572e-001
  -5.3374127e-002  -3.1734724e-002   4.3332678e-001
  -5.3730730e-002  -3.8325462e-002   4.3108338e-001
  -4.2944238e-002   2.8073037e-002   4.3379459e-001
  -3.8143020e-002   1.7438132e-002   4.2479035e-001
  -3.5116065e-002   6.3142544e-003   4.1825637e-001
  -3.3071302e-002  -4.8625283e-003   4.1478327e-001
  -3.1598087e-002  -1.5481563e-002   4.1350463e-001
  -3.0898575e-002  -2.5420846e-002   4.1330686e-001
  -3.1223821e-002  -3.4897126e-002   4.1386127e-001
  -3.2725386e-002  -4.4271905e-002   4.1484115e-001
  -3.5050094e-002  -5.3349171e-002   4.1766542e-001
  -3.8098808e-002  -6.1489116e-002   4.2318639e-001


